x y z
0.0 0.0625 1269.3383172879865
0.0 0.125 1214.1181852131085
0.0 0.1875 1185.6138391823026
0.0 0.25 1168.0243420018219
0.0 0.3125 1156.3976295322832
0.0 0.375 1148.5277431556387
0.0 0.4375 1143.237810108399
0.0 0.5 1139.8252166894192
0.0 0.5625 1137.8366536789824
0.0 0.625 1136.9625088443534
0.0 0.6875 1136.981863147655
0.0 0.75 1137.7315217554594
0.0 0.8125 1139.0874838129128
0.0 0.875 1140.9532990287883
0.0 0.9375 1143.2524510749176
0.0 1.0 1145.9232042161696
0.0 1.0625 1148.915015052086
0.0 1.125 1152.185971502629
0.0 1.1875 1155.700925188192
0.0 1.25 1159.4301034588038
0.0 1.3125 1163.3480604556657
0.0 1.375 1167.4328724504105
0.0 1.4375 1171.665512233325
0.0 1.5 1176.0293567794117
0.0 1.5625 1180.5097955157419
0.0 1.625 1185.093915494306
0.0 1.6875 1189.7702460406695
0.0 1.75 1194.528549889889
0.0 1.8125 1199.359651014232
0.0 1.875 1204.2552916736154
0.0 1.9375 1209.2080129352103
0.0 2.0 1214.2110541881914

0.0625 0.0625 1193.2291978027963
0.0625 0.125 1168.4857012362538
0.0625 0.1875 1153.6850405750545
0.0625 0.25 1144.0084205971766
0.0625 0.3125 1137.5562061261808
0.0625 0.375 1133.3387765272041
0.0625 0.4375 1130.7649800668619
0.0625 0.5 1129.4504603183157
0.0625 0.5625 1129.1301588958142
0.0625 0.625 1129.6131005779648
0.0625 0.6875 1130.7569115918584
0.0625 0.75 1132.4524974592161
0.0625 0.8125 1134.6143511144576
0.0625 0.875 1137.1741665514166
0.0625 0.9375 1140.0764858731368
0.0625 1.0 1143.2756465259276
0.0625 1.0625 1146.7335874930309
0.0625 1.125 1150.4182390729118
0.0625 1.1875 1154.3023189086794
0.0625 1.25 1158.362416918585
0.0625 1.3125 1162.5782895912687
0.0625 1.375 1166.9323085831795
0.0625 1.4375 1171.4090247698439
0.0625 1.5 1175.994819871647
0.0625 1.5625 1180.6776253361347
0.0625 1.625 1185.4466934607021
0.0625 1.6875 1190.292409515086
0.0625 1.75 1195.2061363500698
0.0625 1.8125 1200.1800849741978
0.0625 1.875 1205.2072060580397
0.0625 1.9375 1210.2810984319572
0.0625 2.0 1215.3959314804888

0.125 0.0625 1161.0122655649059
0.125 0.125 1144.201879835605
0.125 0.1875 1134.6010073984264
0.125 0.25 1128.6006305141696
0.125 0.3125 1124.8855476198805
0.125 0.375 1122.7844233547614
0.125 0.4375 1121.8946996714224
0.125 0.5 1121.951035317661
0.125 0.5625 1122.7672545592857
0.125 0.625 1124.2067645751486
0.125 0.6875 1126.165915845847
0.125 0.75 1128.5639452897087
0.125 0.8125 1131.3365563142622
0.125 0.875 1134.4316401651067
0.125 0.9375 1137.8063231647031
0.125 1.0 1141.4248692671144
0.125 1.0625 1145.2571534442334
0.125 1.125 1149.2775271341327
0.125 1.1875 1153.463959673327
0.125 1.25 1157.7973781925155
0.125 1.3125 1162.2611529259889
0.125 1.375 1166.8406908447175
0.125 1.4375 1171.5231111848589
0.125 1.5 1176.296983718867
0.125 1.5625 1181.1521156761053
0.125 1.625 1186.079376799257
0.125 1.6875 1191.070554594419
0.125 1.75 1196.1182337063747
0.125 1.8125 1201.2156947332278
0.125 1.875 1206.3568288271351
0.125 1.9375 1211.5360652073223
0.125 2.0 1216.7483093058252

0.1875 0.0625 1141.8050124130987
0.1875 0.125 1128.660285390065
0.1875 0.1875 1121.7956301455802
0.1875 0.25 1117.9150070555345
0.1875 0.3125 1115.8893912161473
0.1875 0.375 1115.1652955443262
0.1875 0.4375 1115.4184623899023
0.1875 0.5 1116.4376400348533
0.1875 0.5625 1118.0752332999882
0.1875 0.625 1120.2229160281022
0.1875 0.6875 1122.7982267887153
0.1875 0.75 1125.736600009467
0.1875 0.8125 1128.9863353679557
0.1875 0.875 1132.5052684037894
0.1875 0.9375 1136.2584815511366
0.1875 1.0 1140.2166804695883
0.1875 1.0625 1144.3550118031283
0.1875 1.125 1148.6521830635388
0.1875 1.1875 1153.0897948362156
0.1875 1.25 1157.6518256373702
0.1875 1.3125 1162.3242287200392
0.1875 1.375 1167.094612422163
0.1875 1.4375 1171.9519838276767
0.1875 1.5 1176.8865410751496
0.1875 1.5625 1181.889503510572
0.1875 1.625 1186.9529716108489
0.1875 1.6875 1192.069810565746
0.1875 1.75 1197.2335528358904
0.1875 1.8125 1202.4383160609095
0.1875 1.875 1207.67873348207
0.1875 1.9375 1212.9498946414628
0.1875 2.0 1218.2472945766635

0.25 0.0625 1128.9316746310303
0.25 0.125 1117.8948744182956
0.25 0.1875 1112.7142227884858
0.25 0.25 1110.2088283359158
0.25 0.3125 1109.3264606570294
0.25 0.375 1109.5668462093952
0.25 0.4375 1110.6437815621484
0.25 0.5 1112.3739575825073
0.25 0.5625 1114.630764096665
0.25 0.625 1117.3219437792923
0.25 0.6875 1120.3775495922991
0.25 0.75 1123.7429083568354
0.25 0.8125 1127.3742434399417
0.25 0.875 1131.235812455481
0.25 0.9375 1135.2979583355093
0.25 1.0 1139.5357372460467
0.25 1.0625 1143.9279252223057
0.25 1.125 1148.4562817381936
0.25 1.1875 1153.1049925450207
0.25 1.25 1157.8602406558553
0.25 1.3125 1162.7098708831263
0.25 1.375 1167.6431239508831
0.25 1.4375 1172.6504232026562
0.25 1.5 1177.723201652574
0.25 1.5625 1182.8537603877412
0.25 1.625 1188.0351516216538
0.25 1.6875 1193.2610813373956
0.25 1.75 1198.5258276495451
0.25 1.8125 1203.8241718903846
0.25 1.875 1209.1513400800807
0.25 1.9375 1214.5029529341848
0.25 2.0 1219.8749829386325

0.3125 0.0625 1119.8074888242982
0.3125 0.125 1110.1360219747594
0.3125 0.1875 1106.0928171924731
0.3125 0.25 1104.5487600243885
0.3125 0.3125 1104.488775192727
0.3125 0.375 1105.4399521860357
0.3125 0.4375 1107.1366897970513
0.3125 0.5 1109.4114897726179
0.3125 0.5625 1112.1500796021217
0.3125 0.625 1115.269971636724
0.3125 0.6875 1118.709056408448
0.3125 0.75 1122.419021896674
0.3125 0.8125 1126.3613086515165
0.3125 0.875 1130.5044939194995
0.3125 0.9375 1134.8225280346321
0.3125 1.0 1139.2935035353669
0.3125 1.0625 1143.8987706754851
0.3125 1.125 1148.6222858646533
0.3125 1.1875 1153.4501213322483
0.3125 1.25 1158.370089216263
0.3125 1.3125 1163.3714486640758
0.3125 1.375 1168.4446743304927
0.3125 1.4375 1173.5812710706102
0.3125 1.5 1178.7736239238275
0.3125 1.5625 1184.014875430212
0.3125 1.625 1189.298824377567
0.3125 1.6875 1194.6198415400197
0.3125 1.75 1199.9727990255376
0.3125 1.8125 1205.3530106241167
0.3125 1.875 1210.756181123786
0.3125 1.9375 1216.178362994063
0.3125 2.0 1221.61591916557

0.375 0.0625 1113.1568847153396
0.375 0.125 1104.4388117183964
0.375 0.1875 1101.212778171451
0.375 0.25 1100.376213259884
0.375 0.3125 1100.9340901241824
0.375 0.375 1102.4289266965409
0.375 0.4375 1104.60719043586
0.375 0.5 1107.3109605461593
0.375 0.5625 1110.4336628517594
0.375 0.625 1113.8990688217218
0.375 0.6875 1117.6502106393436
0.375 0.75 1121.6430395324858
0.375 0.8125 1125.8425610657034
0.375 0.875 1130.2203568111079
0.375 0.9375 1134.7529269866297
0.375 1.0 1139.4205425322186
0.375 1.0625 1144.206426040556
0.375 1.125 1149.0961522591876
0.375 1.1875 1154.0771995367058
0.375 1.25 1159.1386077081759
0.375 1.3125 1164.270712733019
0.375 1.375 1169.46493778323
0.375 1.4375 1174.7136265864642
0.375 1.5 1180.0099088995692
0.375 1.5625 1185.3475907616387
0.375 1.625 1190.7210641027355
0.375 1.6875 1196.1252316473417
0.375 1.75 1201.555444031295
0.375 1.8125 1207.007446765736
0.375 1.875 1212.4773352101274
0.375 1.9375 1217.9615161122717
0.375 2.0 1223.4566745729994

0.4375 0.0625 1108.255802836422
0.4375 0.125 1100.238846459601
0.4375 0.1875 1097.6261965578678
0.4375 0.25 1097.3302137102758
0.4375 0.3125 1098.3675845844398
0.4375 0.375 1100.2901466750343
0.4375 0.4375 1102.8518758161254
0.4375 0.5 1105.900968647553
0.4375 0.5625 1109.3358857978076
0.4375 0.625 1113.0845806177679
0.4375 0.6875 1117.0935878063522
0.4375 0.75 1121.3218145448188
0.4375 0.8125 1125.7367785925398
0.4375 0.875 1130.3122103864964
0.4375 0.9375 1135.0264592195404
0.4375 1.0 1139.8613959679883
0.4375 1.0625 1144.8016347371602
0.4375 1.125 1149.833966345164
0.4375 1.1875 1154.9469366793794
0.4375 1.25 1160.130526686466
0.4375 1.3125 1165.3759052818298
0.4375 1.375 1170.6752356303036
0.4375 1.4375 1176.0215211915868
0.4375 1.5 1181.4084818695987
0.4375 1.5625 1186.8304532823363
0.4375 1.625 1192.282304021549
0.4375 1.6875 1197.7593670767326
0.4375 1.75 1203.2573825323475
0.4375 1.8125 1208.7724493261908
0.4375 1.875 1214.3009843571201
0.4375 1.9375 1219.839687603491
0.4375 2.0 1225.3855121953577

0.5 0.0625 1104.653458634232
0.5 0.125 1097.1719180524328
0.5 0.1875 1095.0349617772372
0.5 0.25 1095.1639526069462
0.5 0.3125 1096.5828490565577
0.5 0.375 1098.849427528742
0.5 0.4375 1101.7225623886443
0.5 0.5 1105.0545270867945
0.5 0.5625 1108.7472030189736
0.5 0.625 1112.7314353681543
0.5 0.6875 1116.9562203636563
0.5 0.75 1121.3825737552095
0.5 0.8125 1125.9798301362343
0.5 0.875 1130.7232939463731
0.5 0.9375 1135.5926850307387
0.5 1.0 1140.5710733229826
0.5 1.0625 1145.644126605508
0.5 1.125 1150.7995654765236
0.5 1.1875 1156.0267594896338
0.5 1.25 1161.3164219498926
0.5 1.3125 1166.6603752181497
0.5 1.375 1172.0513674215742
0.5 1.4375 1177.4829273181097
0.5 1.5 1182.9492479370037
0.5 1.5625 1188.4450922395608
0.5 1.625 1193.9657158534649
0.5 1.6875 1199.5068032048155
0.5 1.75 1205.0644142791323
0.5 1.8125 1210.6349398997695
0.5 1.875 1216.2150638949147
0.5 1.9375 1221.8017308833266
0.5 2.0 1227.3921186791765

0.5625 0.0625 1102.0500751970183
0.5625 0.125 1094.9892742215764
0.5625 0.1875 1093.2306228540986
0.5625 0.25 1093.7012114399015
0.5625 0.3125 1095.4297341502254
0.5625 0.375 1097.977917424521
0.5625 0.4375 1101.1079568233688
0.5625 0.5 1104.6749387780324
0.5625 0.5625 1108.5831433039748
0.5625 0.625 1112.765473617234
0.5625 0.6875 1117.1727019337243
0.5625 0.75 1121.7673848010922
0.5625 0.8125 1126.5202002324625
0.5625 0.875 1131.4076294484275
0.5625 0.9375 1136.4104276021933
0.5625 1.0 1141.5125792003191
0.5625 1.0625 1146.700563056173
0.5625 1.125 1151.9628215934697
0.5625 1.1875 1157.28936900474
0.5625 1.25 1162.6714961745279
0.5625 1.3125 1168.1015445577639
0.5625 1.375 1173.5727301822792
0.5625 1.4375 1179.0790047414414
0.5625 1.5 1184.614944575865
0.5625 1.5625 1190.1756609322838
0.5625 1.625 1195.7567266707933
0.5625 1.6875 1201.3541158415526
0.5625 1.75 1206.9641534423101
0.5625 1.8125 1212.583473311756
0.5625 1.875 1218.2089825852838
0.5625 1.9375 1223.8378314898087
0.5625 2.0 1229.467387516993

0.625 0.0625 1100.2361691753033
0.625 0.125 1093.5134580190957
0.625 0.1875 1092.0616963700302
0.625 0.25 1092.8117787872045
0.625 0.3125 1094.7956051877952
0.625 0.375 1097.5776228459426
0.625 0.4375 1100.9223518486524
0.625 0.5 1104.6868766769792
0.625 0.5625 1108.777204468635
0.625 0.625 1113.1277392016443
0.625 0.6875 1117.6905635347252
0.625 0.75 1122.4293835006201
0.625 0.8125 1127.3158897244946
0.625 0.875 1132.3274590491608
0.625 0.9375 1137.4456417738447
0.625 1.0 1142.6551308674493
0.625 1.0625 1147.943038503046
0.625 1.125 1153.29837513415
0.625 1.1875 1158.7116659389485
0.625 1.25 1164.1746627998182
0.625 1.3125 1169.6801242164038
0.625 1.375 1175.221644489737
0.625 1.4375 1180.7935192808968
0.625 1.5 1186.390638455852
0.625 1.5625 1192.0083996974167
0.625 1.625 1197.6426381323836
0.625 1.6875 1203.289568458812
0.625 1.75 1208.9457369381414
0.625 1.8125 1214.6079812518471
0.625 1.875 1220.2733966868464
0.625 1.9375 1225.939307458013
0.625 2.0 1231.6032422341327

0.6875 0.0625 1099.0595833895572
0.6875 0.125 1092.6134314571066
0.6875 0.1875 1091.4146389896566
0.6875 0.25 1092.396717740932
0.6875 0.3125 1094.5938082433893
0.6875 0.375 1097.5722874291039
0.6875 0.4375 1101.0983464208216
0.6875 0.5 1105.0305242042043
0.6875 0.5625 1109.2761000074224
0.6875 0.625 1113.7705953394486
0.6875 0.6875 1118.4670787262355
0.6875 0.75 1123.3301293429388
0.6875 0.8125 1128.332213990888
0.6875 0.875 1133.451401908084
0.6875 0.9375 1138.6698630977403
0.6875 1.0 1143.972846914833
0.6875 1.0625 1149.3479665598352
0.6875 1.125 1154.7846849432171
0.6875 1.1875 1160.2739369432018
0.6875 1.25 1165.8078463837091
0.6875 1.3125 1171.3795102610884
0.6875 1.375 1176.982831664174
0.6875 1.4375 1182.6123885794752
0.6875 1.5 1188.2633295663086
0.6875 1.5625 1193.9312898437945
0.6875 1.625 1199.6123230886626
0.6875 1.6875 1205.3028454716095
0.6875 1.75 1210.999589332928
0.6875 1.8125 1216.6995645275094
0.6875 1.875 1222.4000259293227
0.6875 1.9375 1228.0984459257115
0.6875 2.0 1233.792490986576

0.75 0.0625 1098.406316048579
0.75 0.125 1092.1896848119386
0.75 0.1875 1091.2021564265006
0.75 0.25 1092.379096754939
0.75 0.3125 1094.7562550313912
0.75 0.375 1097.9014109757538
0.75 0.4375 1101.581984671379
0.75 0.5 1105.6575964928995
0.75 0.5625 1110.0364811132351
0.75 0.625 1114.6550074679499
0.75 0.6875 1119.4669984362256
0.75 0.75 1124.4377070005917
0.75 0.8125 1129.5402037791544
0.75 0.875 1134.7531007726675
0.75 0.9375 1140.0590572938333
0.75 1.0 1145.443765046387
0.75 1.0625 1150.8952381874324
0.75 1.125 1156.4033039866235
0.75 1.1875 1161.959229227423
0.75 1.25 1167.5554407783693
0.75 1.3125 1173.1853129463543
0.75 1.375 1178.8430031257358
0.75 1.4375 1184.5233229928012
0.75 1.5 1190.2216362787783
0.75 1.5625 1195.9337767038714
0.75 1.625 1201.6559814056068
0.75 1.6875 1207.3848364181858
0.75 1.75 1213.1172316282384
0.75 1.8125 1218.8503232580956
0.75 1.875 1224.5815023846046
0.75 1.9375 1230.3083683392942
0.75 2.0 1236.0287060881683

0.8125 0.0625 1098.1887500440728
0.8125 0.125 1092.1648770019258
0.8125 0.1875 1091.355696073865
0.8125 0.25 1092.697919623089
0.8125 0.3125 1095.228478645322
0.8125 0.375 1098.5161944859383
0.8125 0.4375 1102.3294090269173
0.8125 0.5 1106.5285614826078
0.8125 0.5625 1111.0226164970343
0.8125 0.625 1115.7485959417731
0.8125 0.6875 1120.6609085855162
0.8125 0.75 1125.7253347253713
0.8125 0.8125 1130.9154209363958
0.8125 0.875 1136.210209993611
0.8125 0.9375 1141.5927521057235
0.8125 1.0 1147.0490945682352
0.8125 1.0625 1152.5675757842973
0.8125 1.125 1158.138319361538
0.8125 1.1875 1163.7528635084368
0.8125 1.25 1169.4038842232721
0.8125 1.3125 1175.084984942057
0.8125 1.375 1180.790534204842
0.8125 1.4375 1186.5155386282838
0.8125 1.5 1192.25554225007
0.8125 1.5625 1198.0065458551746
0.8125 1.625 1203.7649416405607
0.8125 1.6875 1209.5274597950138
0.8125 1.75 1215.2911244365416
0.8125 1.8125 1221.053216973134
0.8125 1.875 1226.8112454075422
0.8125 1.9375 1232.562918442748
0.8125 2.0 1238.3061234959114

0.875 0.0625 1098.3380988507508
0.875 0.125 1092.4777112265351
0.875 0.1875 1091.8204461061196
0.875 0.25 1093.3040147370712
0.875 0.3125 1095.9662335672924
0.875 0.375 1099.3767117503805
0.875 0.4375 1103.3044945464308
0.875 0.5 1107.610651235966
0.875 0.5625 1112.2047126189566
0.875 0.625 1117.0242108004222
0.875 0.6875 1122.024015676596
0.875 0.75 1127.1703254078197
0.875 0.8125 1132.4370661940739
0.875 0.875 1137.8036265375335
0.875 0.9375 1143.25337223829
0.875 1.0 1148.7726393190999
0.875 1.0625 1154.3500309006615
0.875 1.125 1159.9759137964973
0.875 1.1875 1165.6420501019538
0.875 1.25 1171.341322313069
0.875 1.3125 1177.067524677744
0.875 1.375 1182.8152023690852
0.875 1.4375 1188.579525794665
0.875 1.5 1194.356191129329
0.875 1.5625 1200.141340700352
0.875 1.625 1205.9314985976941
0.875 1.6875 1211.7235180999137
0.875 1.75 1217.5145383701365
0.875 1.8125 1223.3019484982071
0.875 1.875 1229.0833574186688
0.875 1.9375 1234.856568569001
0.875 2.0 1240.6195584027196

0.9375 0.0625 1098.799376972409
0.9375 0.125 1093.0787902321276
0.9375 0.1875 1092.5518993959174
0.9375 0.25 1094.1571705181789
0.9375 0.3125 1096.9330950135704
0.9375 0.375 1100.449887558753
0.9375 0.4375 1104.4771382998413
0.9375 0.5 1108.8764082611817
0.9375 0.5625 1113.5576732508978
0.9375 0.625 1118.458869145497
0.9375 0.6875 1123.5352331146444
0.9375 0.75 1128.7532981926306
0.9375 0.8125 1134.0872966114243
0.9375 0.875 1139.5168971614873
0.9375 0.9375 1145.0257228944085
0.9375 1.0 1150.6003464198402
0.9375 1.0625 1156.229588865653
0.9375 1.125 1161.9040183102632
0.9375 1.1875 1167.6155829952759
0.9375 1.25 1173.357337882701
0.9375 1.3125 1179.1232372834065
0.9375 1.375 1184.907975167314
0.9375 1.4375 1190.7068604867868
0.9375 1.5 1196.5157186159915
0.9375 1.5625 1202.3308125480833
0.9375 1.625 1208.148779234267
0.9375 1.6875 1213.9665776650154
0.9375 1.75 1219.7814461563328
0.9375 1.8125 1225.5908669245384
0.9375 1.875 1231.392536485658
0.9375 1.9375 1237.1843407494646
0.9375 2.0 1242.964333927684

1.0 0.0625 1099.527945616568
1.0 0.125 1093.927729732233
1.0 0.1875 1093.5134291136349
1.0 0.25 1095.224089477467
1.0 0.3125 1098.0987246166144
1.0 0.375 1101.708021304399
1.0 0.4375 1105.8219974970339
1.0 0.5 1110.3026028960494
1.0 0.5625 1115.0601673014887
1.0 0.625 1120.0329497490916
1.0 0.6875 1125.1764830838547
1.0 0.75 1130.4575714520822
1.0 0.8125 1135.8506961896067
1.0 0.875 1141.3357554248357
1.0 0.9375 1146.8965837546134
1.0 1.0 1152.5199492824404
1.0 1.0625 1158.1948541192246
1.0 1.125 1163.9120341820515
1.0 1.1875 1169.6635936216906
1.0 1.25 1175.442732462394
1.0 1.3125 1181.2435401971345
1.0 1.375 1187.0608369630095
1.0 1.4375 1192.8900496404647
1.0 1.5 1198.727113989693
1.0 1.5625 1204.5683964752347
1.0 1.625 1210.4106311707524
1.0 1.6875 1216.2508683512208
1.0 1.75 1222.0864322414584
1.0 1.8125 1227.9148860097775
1.0 1.875 1233.7340025474666
1.0 1.9375 1239.5417399082694
1.0 2.0 1245.3362205309188

1.0625 0.0625 1100.4870763017711
1.0625 0.125 1094.99109778377
1.0625 0.1875 1094.6745383480538
1.0625 0.25 1096.4768952735285
1.0625 0.3125 1099.4375921163487
1.0625 0.375 1103.1276884259719
1.0625 0.4375 1107.3175421059868
1.0625 0.5 1111.8694135834653
1.0625 0.5625 1116.6939173016626
1.0625 0.625 1121.7295735989042
1.0625 0.6875 1126.9321556839668
1.0625 0.75 1132.2686892385052
1.0625 0.8125 1137.7138601648323
1.0625 0.875 1143.2477558319802
1.0625 0.9375 1148.8543862069955
1.0625 1.0 1154.5206821856232
1.0625 1.0625 1160.2357972434938
1.0625 1.125 1165.9906082612606
1.0625 1.1875 1171.7773508697167
1.0625 1.25 1177.589347911709
1.0625 1.3125 1183.4208037753745
1.0625 1.375 1189.2666462332993
1.0625 1.4375 1195.1224031398015
1.0625 1.5 1200.9841051071496
1.0625 1.5625 1206.8482078182215
1.0625 1.625 1212.7115293732513
1.0625 1.6875 1218.5711992828735
1.0625 1.75 1224.4246165807535
1.0625 1.8125 1230.2694151484254
1.0625 1.875 1236.1034347964312
1.0625 1.9375 1241.9246969789162
1.0625 2.0 1247.7313842674

1.125 0.0625 1101.6461923730246
1.125 0.125 1096.2409117922034
1.125 0.1875 1096.0095706681184
1.125 0.25 1097.892022556082
1.125 0.3125 1100.9280163311757
1.125 0.375 1104.6889092701126
1.125 0.4375 1108.9453323452638
1.125 0.5 1113.5597969586436
1.125 0.5625 1118.4431486840356
1.125 0.625 1123.5341211246957
1.125 0.6875 1128.7886846344672
1.125 0.75 1134.1740474644357
1.125 0.8125 1139.6650648802486
1.125 0.875 1145.241981625744
1.125 0.9375 1150.888954139261
1.125 1.0 1156.5930498533894
1.125 1.0625 1162.343549713512
1.125 1.125 1168.1314497808567
1.125 1.1875 1173.9490972767012
1.125 1.25 1179.7899196736817
1.125 1.3125 1185.648219596738
1.125 1.375 1191.5190171752072
1.125 1.4375 1197.3979272043118
1.125 1.5 1203.2810622421887
1.125 1.5625 1209.1649553045436
1.125 1.625 1215.046497558712
1.125 1.6875 1220.9228876329187
1.125 1.75 1226.7915900171745
1.125 1.8125 1232.6503006512612
1.125 1.875 1238.496918246376
1.125 1.9375 1244.3295202198035
1.125 2.0 1250.1463423702899

1.1875 0.0625 1102.9795739507774
1.1875 0.125 1097.6535213148027
1.1875 0.1875 1097.4967432155279
1.1875 0.25 1099.4493775347319
1.1875 0.3125 1102.5514342406207
1.1875 0.375 1106.3745108618662
1.1875 0.4375 1110.6894598820213
1.1875 0.5 1115.3589973231656
1.1875 0.5625 1120.2941581215412
1.1875 0.625 1125.4338514317803
1.1875 0.6875 1130.734210632225
1.1875 0.75 1136.1625956145426
1.1875 0.8125 1141.6940029206125
1.1875 0.875 1147.3088091177403
1.1875 0.9375 1152.9912938317157
1.1875 1.0 1158.7286397798466
1.1875 1.0625 1164.5102359491548
1.1875 1.125 1170.3271797939158
1.1875 1.1875 1176.1719138166293
1.1875 1.25 1182.0379551447716
1.1875 1.3125 1187.9196908715196
1.1875 1.375 1193.8122208068494
1.1875 1.4375 1199.7112350016234
1.1875 1.5 1205.61291717456
1.1875 1.5625 1211.5138677075834
1.1875 1.625 1217.4110416142464
1.1875 1.6875 1223.301698099659
1.1875 1.75 1229.1833591906916
1.1875 1.8125 1235.0537755339615
1.1875 1.875 1240.9108979100126
1.1875 1.9375 1246.7528533447105
1.1875 2.0 1252.5779249469708

1.25 0.0625 1104.4653870526054
1.25 0.125 1099.2087635983669
1.25 0.1875 1099.1174101035374
1.25 0.25 1101.1316937111912
1.25 0.3125 1104.2918360074848
1.25 0.375 1108.1696302205098
1.25 0.4375 1112.5361101392928
1.25 0.5 1117.2541600487386
1.25 0.5625 1122.2349713060555
1.25 0.625 1127.4175987146475
1.25 0.6875 1132.7583114845654
1.25 0.75 1138.2245963768553
1.25 0.8125 1143.7915686070062
1.25 0.875 1149.4397159090217
1.25 0.9375 1155.1534221887548
1.25 1.0 1160.9199681164803
1.25 1.0625 1166.7288348107486
1.25 1.125 1172.5712064936852
1.25 1.1875 1178.4396074870242
1.25 1.25 1184.327632165808
1.25 1.3125 1190.2297406419425
1.25 1.375 1196.1411018275724
1.25 1.4375 1202.0574712439793
1.25 1.5 1207.9750947086677
1.25 1.5625 1213.8906315685679
1.25 1.625 1219.8010928862334
1.25 1.6875 1225.7037911993627
1.25 1.75 1231.596299334159
1.25 1.8125 1237.4764163715552
1.25 1.875 1243.3421393160947
1.25 1.9375 1249.1916393496817
1.25 2.0 1255.0232418004898

1.3125 0.0625 1106.084944128698
1.3125 0.125 1100.8893156511028
1.3125 0.1875 1100.8554932683253
1.3125 0.25 1102.9240307279574
1.3125 0.3125 1106.135322680318
1.3125 0.375 1110.0613231371901
1.3125 0.4375 1114.473215511204
1.3125 0.5 1119.2340235495824
1.3125 0.5625 1124.2550688030944
1.3125 0.625 1129.4755277993115
1.3125 0.6875 1134.8517837205352
1.3125 0.75 1140.3514301934151
1.3125 0.8125 1145.949682773924
1.3125 0.875 1151.6271235364277
1.3125 0.9375 1157.3682252018846
1.3125 1.0 1163.1603521606467
1.3125 1.0625 1168.9930645467555
1.3125 1.125 1174.8576212481128
1.3125 1.1875 1180.7466172255606
1.3125 1.25 1186.6537137610624
1.3125 1.3125 1192.5734344100756
1.3125 1.375 1198.5010083106356
1.3125 1.4375 1204.4322482171149
1.3125 1.5 1210.3634543933572
1.3125 1.5625 1216.2913380348862
1.3125 1.625 1222.2129596286607
1.3125 1.6875 1228.125678872167
1.3125 1.75 1234.0271136335973
1.3125 1.8125 1239.915106053306
1.3125 1.875 1245.787694337365
1.3125 1.9375 1251.643089126348
1.3125 2.0 1257.479653570465

1.375 0.0625 1107.8221328130937
1.375 0.125 1102.6801903848934
1.375 0.1875 1102.6970370637764
1.375 0.25 1104.8133797927906
1.375 0.3125 1108.069755927564
1.375 0.375 1112.0382526262752
1.375 0.4375 1116.4901777216578
1.375 0.5 1121.2886714009258
1.375 0.5625 1126.345164344867
1.375 0.625 1131.5989355042348
1.375 0.6875 1137.0064643215428
1.375 0.75 1142.5354350120767
1.375 0.8125 1148.16114849362
1.375 0.875 1153.8642673787758
1.375 0.9375 1159.629340469388
1.375 1.0 1165.4438041124517
1.375 1.0625 1171.2972865778672
1.375 1.125 1177.1811113454514
1.375 1.1875 1183.0879346769052
1.375 1.25 1189.0114760953397
1.375 1.3125 1194.9463145495106
1.375 1.375 1200.8877319171818
1.375 1.4375 1206.8315912172407
1.375 1.5 1212.774240666724
1.375 1.5625 1218.712437253813
1.375 1.625 1224.6432852364435
1.375 1.6875 1230.5641861893735
1.375 1.75 1236.4727980824262
1.375 1.8125 1242.3670014909671
1.375 1.875 1248.244871490192
1.375 1.9375 1254.104654117072
1.375 2.0 1259.944746531697

1.4375 0.0625 1109.6629689543174
1.4375 0.125 1104.568340009347
1.4375 0.1875 1104.6298556478212
1.4375 0.25 1106.7883495797416
1.4375 0.3125 1110.084477731528
1.4375 0.375 1114.0904383317716
1.4375 0.4375 1118.5776434084194
1.4375 0.5 1123.409331031588
1.4375 0.5625 1128.4970239605195
1.4375 0.625 1133.7800878790438
1.4375 0.6875 1139.215084033114
1.4375 0.75 1144.769773888979
1.4375 0.8125 1150.4195314056192
1.4375 0.875 1156.1450883390178
1.4375 0.9375 1161.9310590208956
1.4375 1.0 1167.7649419741956
1.4375 1.0625 1173.6364245280872
1.4375 1.125 1179.5368863221634
1.4375 1.1875 1185.4590370774379
1.4375 1.25 1191.3966472584948
1.4375 1.3125 1197.3443444054976
1.4375 1.375 1203.2974567918222
1.4375 1.4375 1209.2518917782
1.4375 1.5 1215.2040400006156
1.4375 1.5625 1221.1506990640005
1.4375 1.625 1227.0890121522693
1.4375 1.6875 1233.016418178335
1.4375 1.75 1238.9306109575414
1.4375 1.8125 1244.8295055062301
1.4375 1.875 1250.7112100175727
1.4375 1.9375 1256.5740023991136
1.4375 2.0 1262.4163105041782

1.5 0.0625 1111.5952428204737
1.5 0.125 1106.5423403892773
1.5 0.1875 1106.6432508801863
1.5 0.25 1108.8389136724454
1.5 0.3125 1112.1700839091238
1.5 0.375 1116.209053107929
1.5 0.4375 1120.727321132224
1.5 0.5 1125.5882088622984
1.5 0.5625 1130.7033172304768
1.5 0.625 1136.0120858088342
1.5 0.6875 1141.4711457669616
1.5 0.75 1147.0483248217251
1.5 0.8125 1152.7190597756087
1.5 0.875 1158.464142063847
1.5 0.9375 1164.2682427552643
1.5 1.0 1170.1189143711704
1.5 1.0625 1176.0058956868843
1.5 1.125 1181.920615407158
1.5 1.1875 1187.8558300945735
1.5 1.25 1193.8053549764986
1.5 1.3125 1199.7638604104836
1.5 1.375 1205.7267156648784
1.5 1.4375 1211.6898673864696
1.5 1.5 1217.6497438931976
1.5 1.5625 1223.6031789647636
1.5 1.625 1229.547350542313
1.5 1.6875 1235.4797309614587
1.5 1.75 1241.3980462026109
1.5 1.8125 1247.3002422608351
1.5 1.875 1253.1844571878312
1.5 1.9375 1259.0489976908598
1.5 2.0 1264.8923194211602

1.5625 0.0625 1113.6082360935884
1.5625 0.125 1108.5921373003673
1.5625 0.1875 1108.727784453054
1.5625 0.25 1110.9562056168973
1.5625 0.3125 1114.3182395064632
1.5625 0.375 1118.3862564962972
1.5625 0.4375 1122.931830954198
1.5625 0.5 1127.8183542413199
1.5625 0.5625 1132.9574940462617
1.5625 0.625 1138.2887532450818
1.5625 0.6875 1143.768823107466
1.5625 0.75 1149.3655884734058
1.5625 0.8125 1155.0545404991587
1.5625 0.875 1160.8165223945653
1.5625 0.9375 1166.636254598373
1.5625 1.0 1172.5013367573515
1.5625 1.0625 1178.4015526751639
1.5625 1.125 1184.3283741234202
1.5625 1.1875 1190.2745988950373
1.5625 1.25 1196.2340817264958
1.5625 1.3125 1202.201530869657
1.5625 1.375 1208.1723519707325
1.5625 1.4375 1214.1425266288854
1.5625 1.5 1220.10851677314
1.5625 1.5625 1226.0671885309648
1.5625 1.625 1232.0157510002462
1.5625 1.6875 1237.9517065493444
1.5625 1.75 1243.8728101296447
1.5625 1.8125 1249.7770357031875
1.5625 1.875 1255.6625483383275
1.5625 1.9375 1261.527680858545
1.5625 2.0 1267.3709141772708

1.625 0.0625 1115.692493301346
1.625 0.125 1110.7088405580337
1.625 0.1875 1110.8750921984356
1.625 0.25 1113.1323511974067
1.625 0.3125 1116.5215271006543
1.625 0.375 1120.61505734245
1.625 0.4375 1125.1845798581037
1.625 0.5 1130.0935463383373
1.625 0.5625 1135.2536817953376
1.625 0.625 1140.6045436347122
1.625 0.6875 1146.1028750555693
1.625 0.75 1151.7166104048792
1.625 0.8125 1157.4212880864575
1.625 0.875 1163.1977964480275
1.625 0.9375 1169.0308990942858
1.625 1.0 1174.9082369928265
1.625 1.0625 1180.8196335399196
1.625 1.125 1186.7565984794016
1.625 1.1875 1192.7119660556684
1.625 1.25 1198.679626027981
1.625 1.3125 1204.6543203274853
1.625 1.375 1210.6314870150507
1.625 1.4375 1216.607138912937
1.625 1.5 1222.5777680494768
1.625 1.5625 1228.5402695905154
1.625 1.625 1234.491880669746
1.625 1.6875 1240.43013074298
1.625 1.75 1246.3528009510717
1.625 1.8125 1252.2578905943922
1.625 1.875 1258.1435892720633
1.625 1.9375 1264.0082535713
1.625 2.0 1269.850387439993

1.6875 0.0625 1117.839635577991
1.6875 0.125 1112.884555567314
1.6875 0.1875 1113.077731531351
1.6875 0.25 1115.3603301002224
1.6875 0.3125 1118.7733212051355
1.6875 0.375 1122.889199633761
1.6875 0.4375 1127.4796578594683
1.6875 0.5 1132.408199493715
1.6875 0.5625 1137.58659903326
1.6875 0.625 1142.954461098115
1.6875 0.6875 1148.4685739838949
1.6875 0.75 1154.0969151560898
1.6875 0.8125 1159.8150642877024
1.6875 0.875 1165.603949264809
1.6875 0.9375 1171.4483716088305
1.6875 1.0 1177.3360086832647
1.6875 1.0625 1183.2567188525356
1.6875 1.125 1189.2020454869755
1.6875 1.1875 1195.1648551954409
1.6875 1.25 1201.1390689133755
1.6875 1.3125 1207.119458628176
1.6875 1.375 1213.101491400411
1.6875 1.4375 1219.0812080543064
1.6875 1.5 1225.0551276770389
1.6875 1.5625 1231.0201716009171
1.6875 1.625 1236.973602280874
1.6875 1.6875 1242.9129736925888
1.6875 1.75 1248.8360907362123
1.6875 1.8125 1254.740975748813
1.6875 1.875 1260.6258406789466
1.6875 1.9375 1266.4890638089291
1.6875 2.0 1272.3291701580727

1.75 0.0625 1120.0422076760588
1.75 0.125 1115.1122444105392
1.75 0.1875 1115.329055170987
1.75 0.25 1117.633860988474
1.75 0.3125 1121.067683561412
1.75 0.375 1125.2030669962096
1.75 0.4375 1129.811750805948
1.75 0.5 1134.7572835179822
1.75 0.5625 1139.9514825635076
1.75 0.625 1145.3339936462583
1.75 0.6875 1150.8616444151003
1.75 0.75 1156.502450068993
1.75 0.8125 1162.2320264966745
1.75 0.875 1168.0313363763614
1.75 0.9375 1173.8852146849874
1.75 1.0 1179.7813709853199
1.75 1.0625 1185.709694659198
1.75 1.125 1191.6617589814057
1.75 1.1875 1197.6304594161115
1.75 1.25 1203.6097447641534
1.75 1.3125 1209.5944139433282
1.75 1.375 1215.579960060635
1.75 1.4375 1221.5624491501544
1.75 1.5 1227.5384247163934
1.75 1.5625 1233.5048317574333
1.75 1.625 1239.458955680531
1.75 1.6875 1245.3983727357117
1.75 1.75 1251.3209094525096
1.75 1.8125 1257.224609183148
1.75 1.875 1263.1077043057553
1.75 1.9375 1268.968592973304
1.75 2.0 1274.8058195416993

1.8125 0.0625 1122.2935513438022
1.8125 0.125 1117.385610461455
1.8125 0.1875 1117.6231058826718
1.8125 0.25 1119.947305383518
1.8125 0.3125 1123.399275277314
1.8125 0.375 1127.5516023006944
1.8125 0.4375 1132.1760667456012
1.8125 0.5 1137.1362561892563
1.8125 0.5625 1142.3440254962334
1.8125 0.625 1147.7390562906778
1.8125 0.6875 1153.2782107243104
1.8125 0.75 1158.929537169382
1.8125 0.8125 1164.6686834396119
1.8125 0.875 1170.4766429649974
1.8125 0.9375 1176.3382803705142
1.8125 1.0 1182.2413338275692
1.8125 1.0625 1188.1757203468323
1.8125 1.125 1194.1330399073686
1.8125 1.1875 1200.1062138043656
1.8125 1.25 1206.0892158440101
1.8125 1.3125 1212.0768691680057
1.8125 1.375 1218.0646903669056
1.8125 1.4375 1224.048768256202
1.8125 1.5 1230.0256684552105
1.8125 1.5625 1235.9923574432796
1.8125 1.625 1241.9461415061785
1.8125 1.6875 1247.884617198317
1.8125 1.75 1253.80563080618
1.8125 1.8125 1259.7072449163418
1.8125 1.875 1265.5877106418086
1.8125 1.9375 1271.4454443925251
1.8125 2.0 1277.2790083235184

1.875 0.0625 1124.5876997910696
1.875 0.125 1119.6990018948861
1.875 0.1875 1119.954528170993
1.875 0.25 1122.2955867710052
1.875 0.3125 1125.7632826550937
1.875 0.375 1129.9302395928873
1.875 0.4375 1134.568273400962
1.875 0.5 1139.5410057698398
1.875 0.5625 1144.7603243554224
1.875 0.625 1150.1659423335948
1.875 0.6875 1155.7147522442542
1.875 0.75 1161.3748317545035
1.875 0.8125 1167.1218569445437
1.875 0.875 1172.936848542578
1.875 0.9375 1178.8046975591967
1.875 1.0 1184.7131676904119
1.875 1.0625 1190.6522006583677
1.875 1.125 1196.613420384871
1.875 1.1875 1202.5897713803686
1.875 1.25 1208.5752499771356
1.875 1.3125 1214.5647011893998
1.875 1.375 1220.5536628597881
1.875 1.4375 1226.5382444662057
1.875 1.5 1232.5150317293633
1.875 1.5625 1238.481010695648
1.875 1.625 1244.433506708308
1.875 1.6875 1250.3701348927743
1.875 1.75 1256.2887596415737
1.875 1.8125 1262.187461202354
1.875 1.875 1268.0645079228523
1.875 1.9375 1273.9183330387236
1.875 2.0 1279.7475151378253

1.9375 0.0625 1126.9192891588898
1.9375 0.125 1122.0473304907653
1.9375 0.1875 1122.3184937448418
1.9375 0.25 1124.6741221212715
1.9375 0.3125 1128.1553542218408
1.9375 0.375 1132.3348461420983
1.9375 0.4375 1136.9844447927767
1.9375 0.5 1141.967801804134
1.9375 0.5625 1147.196833688696
1.9375 0.625 1152.6112814616943
1.9375 0.6875 1158.1680645459328
1.9375 0.75 1163.835286591252
1.9375 0.8125 1169.588648812491
1.9375 0.875 1175.4091962726418
1.9375 0.9375 1181.2818435619445
1.9375 1.0 1187.1943772424058
1.9375 1.0625 1193.1367612269894
1.9375 1.125 1199.1006409888905
1.9375 1.1875 1205.078981983696
1.9375 1.25 1211.0658009134315
1.9375 1.3125 1217.0559626153452
1.9375 1.375 1223.0450242350073
1.9375 1.4375 1229.0291140579743
1.9375 1.5 1235.004836140364
1.9375 1.5625 1240.9691944131678
1.9375 1.625 1246.9195316733626
1.9375 1.6875 1252.8534800877826
1.9375 1.75 1258.7689206952762
1.9375 1.8125 1264.6639500107588
1.9375 1.875 1270.5368522850893
1.9375 1.9375 1276.3860763067496
1.9375 2.0 1282.2102158790074

2.0 0.0625 1129.2834838022475
2.0 0.125 1124.42600290739
2.0 0.1875 1124.710638249737
2.0 0.25 1127.0787636008956
2.0 0.3125 1130.5715469865363
2.0 0.375 1134.7616728513783
2.0 0.4375 1139.4210154477487
2.0 0.5 1144.4132528018292
2.0 0.5625 1149.6503269335676
2.0 0.625 1155.0720035299362
2.0 0.6875 1160.6352258986526
2.0 0.75 1166.3081208328456
2.0 0.8125 1172.066411990904
2.0 0.875 1177.8911662184314
2.0 0.9375 1183.76731926333
2.0 1.0 1189.6826782536973
2.0 1.0625 1195.6272271080034
2.0 1.125 1201.5926307731252
2.0 1.1875 1207.5718736732367
2.0 1.25 1213.5589909986418
2.0 1.3125 1219.5488656176371
2.0 1.375 1225.5370722710143
2.0 1.4375 1231.5197564236312
2.0 1.5 1237.4935389134712
2.0 1.5625 1243.4554400731336
2.0 1.625 1249.4028187369008
2.0 1.6875 1255.333322759418
2.0 1.75 1261.2448485316056
2.0 1.8125 1267.1355075974743
2.0 1.875 1273.0035989258463
2.0 1.9375 1278.847585723008
2.0 2.0 1284.666075920043

